2,1,Este,-0.8012712305224308
3,1,Oeste,-0.801402636393531
2,1,Norte,-5.808770015862142
2,1,Sul,-0.8011413021670218
2,2,Este,-1.0149
2,2,Sul,-0.7798136279569676
2,3,Sul,-0.7562552822261703
2,4,Oeste,-0.7309831591509901
1,4,Sul,-0.7388056047041353
1,5,Oeste,-1.0149
1,5,Sul,-0.7173620686817684
1,6,Norte,-0.7051633757360852
1,6,Este,-0.6973873296716008
2,6,Norte,-0.7109943656881584
2,5,Oeste,-0.710550142603612
2,5,Norte,-0.7439377236073085
2,5,Este,-1.0149
1,5,Norte,-0.7172700654259991
2,5,Sul,-0.7022591192555824
2,6,Este,-1.0149
2,6,Oeste,-0.6945908962926004
2,6,Sul,-0.6722476375148068
2,7,Norte,-0.6900679255636678
2,7,Sul,-0.6868492906188213
2,8,Oeste,-0.6820097569144484
1,8,Norte,-0.6865909622481547
1,7,Norte,-0.6896564464808015
2,8,Norte,-0.6798959899837258
1,7,Oeste,-1.0149
1,7,Este,-0.6726834695728495
1,7,Sul,-0.6890604477220067
1,8,Sul,-1.0149
1,8,Oeste,-1.0149
1,8,Este,-0.684840761557084
2,8,Sul,-1.0149
2,8,Este,-1.0149
2,7,Oeste,-0.6880565211419915
2,7,Este,-0.6398242059639395
3,7,Oeste,-0.6799789451663976
3,7,Sul,-1.0149
3,7,Norte,-5.620267053414229
3,7,Este,-0.6046673123384821
4,7,Oeste,-0.5684904978954879
4,7,Sul,-1.0149
4,7,Norte,-5.528451234038041
4,7,Este,-0.5658220164639953
5,7,Oeste,-0.6261855065770341
5,7,Sul,-1.0149
5,7,Este,-0.5233969308506361
6,7,Sul,-0.47794476466226155
6,8,Este,-0.4485454020549037
7,8,Oeste,-0.42271359990297674
7,8,Norte,-0.4255640517897643
7,7,Norte,-5.018294027933319
7,7,Sul,-0.4327716995480166
7,7,Este,-0.4302507158713212
8,7,Norte,-4.628896242900033
8,7,Sul,-0.3799800808179581
8,8,Norte,-0.3887010344281774
8,8,Este,-0.38570795947726383
9,8,Sul,-0.51
9,8,Norte,-0.35243467109814786
9,7,Sul,-0.3182017183619679
9,7,Norte,-4.087821079914066
9,7,Este,-0.31872741125783965
10,7,Sul,-0.51
10,7,Oeste,-0.2594826823275862
10,7,Este,-0.25254929992953307
11,7,Norte,-0.1979808371394485
11,6,Sul,-0.16662355413786184
11,6,Este,-0.1652941587139836
12,6,Norte,-1.376852852467652
12,6,Oeste,-0.15030950403798166
12,6,Este,-0.51
12,6,Sul,-0.15135598615458964
12,7,Este,-0.13707534858907555
13,7,Oeste,-0.09386368581039253
13,7,Este,-0.09628839487173592
14,7,Norte,-0.9690000000000001
14,7,Oeste,-0.08123995206459333
14,7,Sul,-0.51
14,7,Este,-0.0806754131472609
15,7,Norte,-1.754368025532199
15,7,Sul,-0.08924739045341101
15,8,Norte,-0.049956173200946204
15,8,Este,-0.53
15,8,Oeste,-0.53
15,8,Sul,-0.53
15,7,Oeste,-0.06977882207290136
15,7,Este,-0.07532237196665034
16,7,Sul,-0.51
16,7,Norte,-2.0984980960037487
16,7,Oeste,-0.07640980656997749
16,7,Este,-0.08273233843020322
17,7,Norte,-2.09408946514703
17,7,Sul,-0.0894758181284413
17,8,Este,-0.53
17,8,Sul,-0.53
17,8,Oeste,-0.53
17,8,Norte,-0.04999146111251908
17,7,Oeste,-0.08272539385932229
17,7,Este,-0.51
2,4,Norte,-0.7541195767124629
1,6,Sul,-0.6997484462772471
6,8,Norte,-0.4534771831853314
1,6,Oeste,-1.0149
1,5,Este,-0.7181784229808629
1,4,Norte,-0.7498168702348067
1,3,Sul,-0.7599164720454286
1,3,Oeste,-1.0149
1,3,Norte,-0.7655971220045336
1,2,Norte,-0.7786034890276923
1,1,Norte,-5.272208073208094
1,1,Sul,-0.7913165806883916
1,1,Oeste,-1.0149
1,1,Este,-0.7905646308349648
2,2,Norte,-0.8005920049954196
2,3,Norte,-0.7832143836916442
1,2,Este,-0.7785386837794563
2,3,Este,-1.0149
2,3,Oeste,-0.7584105077865716
1,2,Sul,-0.7777192201656917
1,2,Oeste,-1.0149
2,2,Oeste,-0.781539434757119
2,1,Oeste,-0.8021513973433788
1,3,Este,-0.7597230164910727
2,4,Sul,-0.7304948553820357
2,4,Este,-1.0149
3,1,Este,-0.8026794289932248
4,1,Norte,-3.1267653289931485
4,1,Oeste,-0.6980711299779165
4,1,Sul,-1.0547
4,1,Este,-1.0547
3,1,Sul,-1.0149
3,1,Norte,-5.451443489673443
1,4,Este,-0.7403161922496264
1,4,Oeste,-1.0149
13,7,Norte,-3.1419628685015555
5,7,Norte,-0.5242257673410202
5,6,Sul,-0.5463108307474893
5,6,Oeste,-1.0149
5,6,Este,-1.0149
5,6,Norte,-0.4857326771523556
5,5,Sul,-0.4451508341064055
5,5,Este,-0.44286795682990443
6,5,Oeste,-0.4330985890562129
6,5,Este,-0.51
6,5,Norte,-0.43208380055800694
6,4,Este,-0.51
6,4,Oeste,-0.4118584255397641
5,4,Este,-0.39865966104818873
5,4,Norte,-0.39918836083880554
5,3,Oeste,-0.35718818048537
4,3,Norte,-4.11202074888093
4,3,Sul,-0.4213044802493934
4,4,Oeste,-0.51
4,4,Norte,-0.4038302761231298
4,4,Sul,-0.4051249862441419
4,5,Norte,-0.4417153076937421
4,5,Este,-0.4448942532846354
4,5,Oeste,-0.51
4,5,Sul,-0.51
4,4,Este,-0.4078402965721354
5,5,Norte,-0.44275239571990177
4,3,Oeste,-0.51
4,3,Este,-0.5271145615147207
5,3,Norte,-3.4617954772902944
5,3,Este,-0.34592639258981306
6,3,Este,-0.28639291691036795
7,3,Oeste,-0.22284872561917854
7,3,Este,-0.2225638881831575
8,3,Norte,-2.9285673198506643
8,3,Oeste,-0.15923514523284082
8,3,Este,-0.15274992072719806
9,3,Sul,-0.0891185944172156
9,4,Este,-0.08592764793989889
10,4,Sul,-0.07889200246079553
10,5,Norte,-0.12417157151429496
10,5,Sul,-0.12864209037392857
10,6,Este,-0.1908811875097929
13,7,Sul,-0.09269997851601877
13,8,Norte,-0.08897386248301557
13,8,Oeste,-0.09924863761509775
12,8,Norte,-0.11015253821711919
12,8,Oeste,-0.51
12,8,Sul,-0.51
12,8,Este,-0.11559868190575631
13,8,Este,-0.51
13,8,Sul,-0.51
12,7,Sul,-0.14101371914556296
12,7,Norte,-0.14225798291282082
12,7,Oeste,-0.14863890356909704
11,6,Norte,-0.16888289663513892
11,5,Este,-0.51
11,5,Oeste,-0.14113655794386187
10,6,Norte,-0.1883472756116985
10,6,Sul,-0.19639453650220007
11,5,Norte,-2.6794466803292813
11,5,Sul,-0.1444178946373007
10,6,Oeste,-0.51
10,5,Este,-0.12752806713320392
11,6,Oeste,-0.16055875299985212
10,5,Oeste,-0.12690728651133
9,5,Norte,-0.11335931535743494
9,5,Sul,-0.51
9,5,Este,-0.0961202975237391
9,5,Oeste,-0.10401516738656609
8,5,Oeste,-0.51
8,5,Sul,-0.51
8,5,Este,-0.10790536067416448
8,5,Norte,-0.10754292222978212
8,4,Sul,-0.11829401374353113
8,4,Norte,-0.11359513398343069
8,4,Oeste,-0.51
8,4,Este,-0.11090286839354306
9,4,Norte,-0.08235441778125646
10,4,Este,-0.51
10,4,Oeste,-0.06840179347495179
10,4,Norte,-0.07398846518763652
10,3,Oeste,-0.05370559057746907
9,4,Sul,-0.08643986000320941
9,4,Oeste,-0.09026503728985609
10,3,Sul,-0.062006630441606474
10,3,Norte,-1.7473503423894114
10,3,Este,-0.05479723343183911
11,3,Oeste,-0.03553448939316986
11,3,Norte,-1.3842905013956437
11,3,Sul,-0.51
11,3,Este,-0.038213945905827225
12,3,Este,-0.029416505526859853
13,3,Oeste,-0.010659376652223159
13,3,Este,-0.51
13,3,Norte,-0.9699593438987002
13,3,Sul,-0.015550853738412699
13,4,Norte,-0.022072407429367
13,4,Este,-0.51
13,4,Oeste,-0.001527927490000006
12,4,Oeste,-0.51
12,4,Este,-0.02030351932
12,4,Norte,-0.017995299331573
12,4,Sul,-0.51
13,4,Sul,0.018865790000000004
13,5,Norte,-0.015477399999999999
13,5,Oeste,-0.51
13,5,Sul,-0.51
13,5,Este,0.062000000000000006
14,5,Sul,-0.51
14,5,Norte,-1.374
14,5,Oeste,-0.001899999999999999
14,5,Este,0.07739000000000001
15,5,Este,0.07100000000000001
16,5,Oeste,-0.001899999999999999
16,5,Sul,-0.51
16,5,Este,0.07100000000000001
17,5,Oeste,-0.001899999999999999
17,5,Sul,-0.51
17,5,Norte,0.07100000000000001
17,4,Sul,-0.001899999999999999
17,4,Este,-0.51
17,4,Oeste,-0.51
17,4,Norte,0.09000000000000001
17,3,Oeste,-0.51
17,3,Este,-0.51
17,3,Norte,0.09000000000000001
17,2,Norte,0.09000000000000001
17,1,Este,46.7743813
11,7,Este,-0.1947775239328513
11,7,Sul,-0.51
11,7,Oeste,-0.19529827191950055
10,7,Norte,-0.2544307456771749
9,3,Norte,-0.08874351105541713
9,2,Sul,-0.05271604023920872
9,2,Oeste,-0.51
9,2,Norte,-0.04099398311122644
9,1,Este,-0.0015104078930050502
10,1,Norte,-0.96285219
10,1,Oeste,-0.001899999999999999
10,1,Este,0.026011237925228303
11,1,Norte,-0.51
11,1,Sul,-0.51
11,1,Este,0.03545637485687
12,1,Norte,-1.3720454404221298
12,1,Este,0.031207218855200006
13,1,Este,0.03719470085000001
14,1,Oeste,-0.001899999999999999
14,1,Norte,-0.9609
14,1,Este,0.13078762100000005
15,1,Norte,-0.9568889700000001
15,1,Este,1.2907650500000005
16,1,Sul,-0.51
16,1,Oeste,-0.001899999999999999
16,1,Norte,-0.9690000000000001
16,1,Este,10.24157195
13,1,Norte,-1.367217854457
9,7,Oeste,-0.32489084085635556
9,1,Norte,-0.50442
8,7,Este,-0.37759635788585366
18,1,Sul,-0.53
8,7,Oeste,-0.3792955419643396
9,8,Oeste,-0.3490406826531711
7,7,Oeste,-0.43596196684929184
7,8,Sul,-0.51
7,8,Este,-0.4201877451786951
8,8,Sul,-0.51
8,8,Oeste,-0.38374020226140204
6,8,Sul,-0.51
6,8,Oeste,-0.51
6,7,Norte,-5.15769338559529
6,7,Este,-0.4787384563474234
5,5,Oeste,-0.4414419720810131
6,7,Oeste,-0.4866331133604899
6,5,Sul,-0.51
18,1,Este,-0.13
9,8,Este,-0.51
6,4,Norte,-0.5718807627874947
8,3,Sul,-0.1555319592041955
7,3,Norte,-0.2899984245872676
7,2,Este,-1.0149
7,2,Sul,-0.27257104628520673
7,2,Norte,-0.5402586257552262
7,1,Sul,-0.5647431120573813
7,1,Oeste,-0.5607432133827999
6,1,Oeste,-1.0149
6,1,Este,-0.547812046192419
6,1,Norte,-4.850431993950064
6,1,Sul,-0.5486002038535615
6,2,Oeste,-1.0149
6,2,Sul,-0.5359451912886645
6,3,Norte,-0.37871910538823583
6,2,Norte,-0.534944028334015
6,2,Este,-0.40989912692364183
7,1,Norte,-5.024080350715439
7,1,Este,-1.0149
7,2,Oeste,-0.5135024181302005
5,4,Sul,-0.3994763737985926
6,4,Sul,-0.4080686232981655
5,4,Oeste,-0.4022282913219959
6,3,Sul,-0.2976608870330406
6,3,Oeste,-0.2964957059495491
5,3,Sul,-0.34904014949982076
7,3,Sul,-0.51
12,3,Norte,-0.51
12,3,Sul,-0.02175646578864157
12,3,Oeste,-0.028175177076222288
9,3,Este,-0.0879047869191569
9,3,Oeste,-0.10122082381950664
9,2,Este,-0.51
9,1,Oeste,-0.51
9,1,Sul,-0.012208724768089492
